asep 0 0 2 2 0 0 0 8 0 8 16 4 0 8 32 8 
asepgaylon 2 0 2 0 0 0 0 0 0 0 0 0 0 0 0 0 
asepgalon1 0 0 8 2 0 0 2 4 0 0 0 2 0 0 0 4 
adasdaw 0 0 0 0 0 0 0 0 0 0 0 2 0 0 2 0 
sdadawdsa 0 2 0 0 0 0 0 0 0 0 0 2 0 0 0 0 
asdawd 4 2 0 0 4 0 0 0 0 0 0 0 0 2 0 0 
asdahv 4 8 0 0 0 0 2 0 4 0 0 0 0 0 0 0 
abang 2 0 0 0 0 0 0 0 2 0 0 0 4 4 2 0 
udin 0 0 0 0 0 0 0 0 2 4 0 2 4 2 2 0 
asep123456 2 0 0 0 0 0 0 0 0 0 0 0 0 0 2 0 
  0 0 0 0 2 0 0 0 0 0 0 2 0 0 0 0 
devi maulanxÄ 0 0 0 0 16 0 2 0 32 0 0 0 8 4 2 0 
SOPIAN 0 2 0 0 2 0 0 0 0 0 0 0 0 0 0 0 
